// ------------------------------------------------------  
// GLCD Picture name: lluvia.bmp            
// GLCD Model: KS0108 128x64            
// ------------------------------------------------------  

const lluvia_bmp : array[1024] of byte = (
   0,  0,192, 96, 48, 16,  8, 12,  4,  4, 12,  8, 12,  4,  6,  2, 
   2,  2,  2,  2,  6, 12, 24, 16, 48, 96,192,128,128,  0,  0, 
   0, 31,241,128,  0,  0,  0,  0,  0,  0,  0,  0,  0,  0,  0,  0, 
   0,  0,  0,  0,  0,  0,  0,  0,  0,  0,  0,  0,  3,254,  0, 
   0,  0,  0,  1, 67, 34, 50,  2, 50, 26,  3,199, 76,  8,  8,  8, 
  68,100,  6,  3,198,  4, 22,  2, 34,162,130,  3,  1,  1,  0, 
   0,  0, 12,  2, 16, 24,  0,  3,  0,  8, 12,  4,  0,  0,  3,  9, 
   0, 12,  0,  0, 12,  0,  3, 24,  8,  1,  0,  0,  0,  0,  0

);
