// ------------------------------------------------------  
// GLCD Picture name: prueba.bmp            
// GLCD Model: KS0108 128x64            
// ------------------------------------------------------  

const prueba_bmp : array[1024] of byte = (
   0,  0,  0,  0,192, 32,144, 72, 36, 52, 20, 16, 48,  0,  0,  0, 
   0,  0,  0,  0,  0,  0,  0,  0,  0,  0,  0,  0,  0,  0,  0,  0, 
   0,  0,  0,126,195,129,  1,  9,  9,  2,  6, 12,136,136,248,  0, 
   0,  0,  0,  0,  0,  0,  0,  0,  0,  0,  0,  0,  0,  0,  0,  0, 
   0,  0, 32, 48, 12,  7,  3,  0,  0,  0, 31, 51, 21, 20, 52, 44, 
  28,  0,  0,  0,  0,  0,  0,  0,  0,  0,  0,  0,  0,  0,  0,  0, 
   0,  0,  0,  0,  0,  0,  0,  0,  0,  0,  0,  0,  0,  0,  0,  0, 
   0,  0,  0,  0,  0,  0,  0,  0,  0,  0,  0,  0,  0,  0,  0,  0 
);
