// ------------------------------------------------------  
// GLCD Picture name: lluvioso.bmp            
// GLCD Model: KS0108 128x64            
// ------------------------------------------------------  

const lluvioso_bmp : array[1024] of byte = (
   0,192,224, 96, 32, 32, 32,120, 12, 12, 12,  8, 12, 12, 24, 28, 
   4,  6,  2,  2,  2, 30, 28,240,224,192,128,128,128,  0,  0, 
   0, 15, 24, 48, 32, 32, 32,224,  0,  0,  0,  0,  0,  0,  0,  0, 
   0,  0,  0,  0,  0,  0,  0,  0,224,160, 96, 96, 51, 31,  0, 
   0, 56,108, 68,104,240,  0,199,108, 40, 40, 72,152, 24, 56, 48, 
  32, 32, 32, 32, 48, 16, 24,140,199,  1,  0,  0,128,  0,  0, 
   0,  0, 14, 10, 14,  0,  3,  7,  4,  4,  4,  6,  3,  0, 14,  6, 
   0, 31, 17, 17, 27, 14,  0,  3,  1,  0,  0, 59, 51,  0,  0, 
);
