// ------------------------------------------------------  
// Picture name: tiempo-sol-nube-icono-9235-96_bmp            
// GLCD Model: Nokia3310 Like            
// ------------------------------------------------------  

const nublado_bmp : array[128] of byte = (
   0,192,224, 32, 48, 16, 16, 48, 24, 24,120,112, 80,216,  8,  8, 
   8, 24, 24, 16, 48, 96,224,128,  0,  0,  0,  0,  0,  0,  0,  0, 
   0,  0,  1,  1, 15,  8, 56,248, 24, 24,  8, 15,  3,193,224, 96, 
  32,112, 16, 16, 16, 56, 24, 11, 15, 56,112, 64,192,128,  0,  0, 
   0,124,198,134,130,130,135,  1,  7, 12,  8, 24, 16, 49, 39, 38, 
  36, 60, 32,224,224,224,192,192, 64, 96, 60,  4,  4,  7,  0,  0, 
   0,  0,  0,  0,  0,  3, 15,  8, 24, 16, 16, 16, 48, 32, 32, 32, 
  32, 48, 16, 29,  7,  0,  0,  0,  0,  0,  0,  0,  0,  0,  0,  0, 
};
