// ------------------------------------------------------  
// GLCD Picture name: Sun.bmp            
// GLCD Model: KS0108 128x64            
// ------------------------------------------------------  

const Sun_bmp : array[1024] of byte = (
   0,  0,  0,128,  0,  0,  0,  0,  0,  0,  0,  0, 12, 30, 56,240, 
 240,224,  0,  0,  0,  0,  0,  0,192,224, 96, 32,  0,  0,  0,  
   0,  0,  6, 15, 46, 28, 28, 60, 60, 56,224,120,220,252,252,255, 
 223,221,252,188,250,242,238, 14,  7,  7,  0,  0,  0,  0,  0, 
   0,  8, 24, 48, 56, 60, 28, 28,120, 24,159,191,255,121,255,239, 
 239,239,247,251,191, 63, 31,  2,  7,  7, 15,  7,  1,  3,  6, 
   0,  0,  0,  0,  0,  0,  0,  0, 48,124, 15, 15, 15,  7,  0, 
   0,  0,  3,  7, 15, 14,  6, 30, 28,  0,  0,  0,  0,  0,  0, 
);
